mirna,mirna_type,target,target_type,count
mirna,-,total,-,700
kshv-miR-K12-6-5p,kshv_microRNA,ENSG00000240831_ENST00000459949_AC112777-1_pseudo,pseudogene,24
kshv-miR-K12-6-5p,kshv_microRNA,ENSG00000241279_ENST00000464639_AC110615-2_pseudo,pseudogene,18
kshv-miR-K12-6-5p,kshv_microRNA,ENSG00000240155_ENST00000482877_AC114498-1_pseudo,pseudogene,12
kshv-miR-K12-6-5p,kshv_microRNA,ENSG00000243163_ENST00000470405_AL353147-3_pseudo,pseudogene,12
kshv-miR-K12-6-5p,kshv_microRNA,ENSG00000241780_ENST00000469340_AC025627-7_pseudo,pseudogene,12
kshv-miR-K12-6-5p,kshv_microRNA,MIMAT0000076_MirBase_miR-21_microRNA,miRNA,12
kshv-miR-K12-6-5p,kshv_microRNA,ENSG00000242503_ENST00000481774_AL158819-4_pseudo,pseudogene,11
kshv-miR-K12-6-5p,kshv_microRNA,MIMAT0000646_MirBase_miR-155_microRNA,miRNA,7
kshv-miR-K12-6-5p,kshv_microRNA,ENSG00000239776_ENST00000488123_AC079949-1_pseudo,pseudogene,7
kshv-miR-K12-6-5p,kshv_microRNA,ENSG00000169567_ENST00000304043_HINT1_mRNA,mRNA,6
kshv-miR-K12-6-5p,kshv_microRNA,ENSG00000242693_ENST00000492032_AC108047-1_pseudo,pseudogene,6
kshv-miR-K12-6-5p,kshv_microRNA,ENSG00000239935_ENST00000489202_AC116340-1_pseudo,pseudogene,5
kshv-miR-K12-6-5p,kshv_microRNA,MIMAT0000257_MirBase_miR-181b_microRNA,miRNA,5
kshv-miR-K12-6-5p,kshv_microRNA,ENSG00000150991_ENST00000339647_UBC_mRNA,mRNA,5
kshv-miR-K12-6-5p,kshv_microRNA,ENSG00000240656_ENST00000494879_AC068594-1_pseudo,pseudogene,5
kshv-miR-K12-6-5p,kshv_microRNA,ENSG00000075624_ENST00000331789_ACTB_mRNA,mRNA,4
kshv-miR-K12-6-5p,kshv_microRNA,MIMAT0004494_MirBase_miR-21*_microRNA,miRNA,4
kshv-miR-K12-6-5p,kshv_microRNA,ENSG00000111642_ENST00000357008_CHD4_mRNA,mRNA,4
kshv-miR-K12-6-5p,kshv_microRNA,MIMAT0000510_MirBase_miR-320a_microRNA,miRNA,4
kshv-miR-K12-6-5p,kshv_microRNA,MIMAT0000064_MirBase_let-7c_microRNA,miRNA,4
kshv-miR-K12-6-5p,kshv_microRNA,MIMAT0000063_MirBase_let-7b_microRNA,miRNA,3
kshv-miR-K12-6-5p,kshv_microRNA,ENSG00000241530_ENST00000490522_AC006368-1_pseudo,pseudogene,3
kshv-miR-K12-6-5p,kshv_microRNA,MIMAT0000762_MirBase_miR-324-3p_microRNA,miRNA,3
kshv-miR-K12-6-5p,kshv_microRNA,MIMAT0000062_MirBase_let-7a_microRNA,miRNA,3
kshv-miR-K12-6-5p,kshv_microRNA,ENSG00000100697_ENST00000393063_DICER1_mRNA,mRNA,2
kshv-miR-K12-6-5p,kshv_microRNA,ENSG00000100697_ENST00000343455_DICER1_mRNA,mRNA,2
kshv-miR-K12-6-5p,kshv_microRNA,MIMAT0000074_MirBase_miR-19b_microRNA,miRNA,2
kshv-miR-K12-6-5p,kshv_microRNA,ENSG00000101665_ENST00000262158_SMAD7_mRNA,mRNA,2
kshv-miR-K12-6-5p,kshv_microRNA,MIMAT0000430_MirBase_miR-138_microRNA,miRNA,2
kshv-miR-K12-6-5p,kshv_microRNA,MIMAT0000093_MirBase_miR-93_microRNA,miRNA,2
kshv-miR-K12-6-5p,kshv_microRNA,MIMAT0000069_MirBase_miR-16_microRNA,miRNA,2
kshv-miR-K12-6-5p,kshv_microRNA,ENSG00000069275_ENST00000367142_NUCKS1_mRNA,mRNA,2
kshv-miR-K12-6-5p,kshv_microRNA,ENSG00000026025_ENST00000224237_VIM_mRNA,mRNA,2
kshv-miR-K12-6-5p,kshv_microRNA,ENSG00000005884_ENST00000320031_ITGA3_mRNA,mRNA,2
kshv-miR-K12-6-5p,kshv_microRNA,ENSG00000005884_ENST00000007722_ITGA3_mRNA,mRNA,2
kshv-miR-K12-6-5p,kshv_microRNA,ENSG00000198959_ENST00000361475_TGM2_mRNA,mRNA,2
kshv-miR-K12-6-5p,kshv_microRNA,ENSG00000239777_ENST00000498323_AC091189-1_pseudo,pseudogene,2
kshv-miR-K12-6-5p,kshv_microRNA,ENSG00000241115_ENST00000479623_AP001347-1_pseudo,pseudogene,2
kshv-miR-K12-6-5p,kshv_microRNA,ENSG00000029993_ENST00000325307_HMGB3_mRNA,mRNA,2
kshv-miR-K12-6-5p,kshv_microRNA,kshv-miR-K12-10b,kshv_microRNA,2
kshv-miR-K12-6-5p,kshv_microRNA,ENSG00000213064_ENST00000271375_SFT2D2_mRNA,mRNA,2
kshv-miR-K12-6-5p,kshv_microRNA,ENSG00000213977_ENST00000225525_TAX1BP3_mRNA,mRNA,2
kshv-miR-K12-6-5p,kshv_microRNA,ENSG00000064393_ENST00000406875_HIPK2_mRNA,mRNA,2
kshv-miR-K12-6-5p,kshv_microRNA,ENSG00000166441_ENST00000314138_RPL27A_mRNA,mRNA,2
kshv-miR-K12-6-5p,kshv_microRNA,ENSG00000084207_ENST00000398606_GSTP1_mRNA,mRNA,2
kshv-miR-K12-6-5p,kshv_microRNA,ENSG00000085185_ENST00000218147_BCORL1_mRNA,mRNA,2
kshv-miR-K12-6-5p,kshv_microRNA,ENSG00000156508_ENST00000316292_EEF1A1_mRNA,mRNA,2
kshv-miR-K12-6-5p,kshv_microRNA,ENSG00000156508_ENST00000331523_EEF1A1_mRNA,mRNA,2
kshv-miR-K12-6-5p,kshv_microRNA,ENSG00000156508_ENST00000309268_EEF1A1_mRNA,mRNA,2
kshv-miR-K12-6-5p,kshv_microRNA,ENSG00000170144_ENST00000435711_HNRNPA3_mRNA,mRNA,2
kshv-miR-K12-6-5p,kshv_microRNA,ENSG00000170144_ENST00000392524_HNRNPA3_mRNA,mRNA,2
kshv-miR-K12-6-5p,kshv_microRNA,ENSG00000125107_ENST00000441024_CNOT1_mRNA,mRNA,2
kshv-miR-K12-6-5p,kshv_microRNA,ENSG00000125107_ENST00000317147_CNOT1_mRNA,mRNA,2
kshv-miR-K12-6-5p,kshv_microRNA,ENSG00000102144_ENST00000373316_PGK1_mRNA,mRNA,2
kshv-miR-K12-6-5p,kshv_microRNA,ENSG00000121152_ENST00000240423_NCAPH_mRNA,mRNA,2
kshv-miR-K12-6-5p,kshv_microRNA,ENSG00000168209_ENST00000307365_DDIT4_mRNA,mRNA,2
kshv-miR-K12-6-5p,kshv_microRNA,MIMAT0000078_MirBase_miR-23a_microRNA,miRNA,2
kshv-miR-K12-6-5p,kshv_microRNA,ENSG00000202441_ENST00000365571_Y-RNA_miscRNA,miscRNA,2
kshv-miR-K12-6-5p,kshv_microRNA,ENSG00000252316_ENST00000516507_Y-RNA_miscRNA,miscRNA,2
kshv-miR-K12-6-5p,kshv_microRNA,ENSG00000201778_ENST00000364908_Y-RNA_miscRNA,miscRNA,2
kshv-miR-K12-6-5p,kshv_microRNA,ENSG00000252487_ENST00000516678_Y-RNA_miscRNA,miscRNA,2
kshv-miR-K12-6-5p,kshv_microRNA,ENSG00000201470_ENST00000364600_Y-RNA_miscRNA,miscRNA,2
kshv-miR-K12-6-5p,kshv_microRNA,ENSG00000200211_ENST00000363341_Y-RNA_miscRNA,miscRNA,2
kshv-miR-K12-6-5p,kshv_microRNA,MIMAT0000092_MirBase_miR-92a_microRNA,miRNA,2
kshv-miR-K12-6-5p,kshv_microRNA,MIMAT0000245_MirBase_miR-30d_microRNA,miRNA,2
kshv-miR-K12-6-5p,kshv_microRNA,ENSG00000138443_ENST00000261017_ABI2_mRNA,mRNA,2
kshv-miR-K12-6-5p,kshv_microRNA,ENSG00000137154_ENST00000380394_RPS6_mRNA,mRNA,2
kshv-miR-K12-6-5p,kshv_microRNA,MIMAT0000073_MirBase_miR-19a_microRNA,miRNA,2
kshv-miR-K12-6-5p,kshv_microRNA,MIMAT0000710_MirBase_miR-365_microRNA,miRNA,2
kshv-miR-K12-6-5p,kshv_microRNA,ENSG00000198668_ENST00000356978_CALM1_mRNA,mRNA,2
kshv-miR-K12-6-5p,kshv_microRNA,MIMAT0004795_MirBase_miR-574-5p_microRNA,miRNA,2
kshv-miR-K12-6-5p,kshv_microRNA,MIMAT0000415_MirBase_let-7i_microRNA,miRNA,2
kshv-miR-K12-6-5p,kshv_microRNA,ENSG00000139645_ENST00000267116_ANKRD52_mRNA,mRNA,2
kshv-miR-K12-6-5p,kshv_microRNA,ENSG00000161970_ENST00000293842_RPL26_mRNA,mRNA,1
kshv-miR-K12-6-5p,kshv_microRNA,ENSG00000244284_ENST00000496317_AC021451-2_pseudo,pseudogene,1
kshv-miR-K12-6-5p,kshv_microRNA,ENSG00000106397_ENST00000223127_PLOD3_mRNA,mRNA,1
kshv-miR-K12-6-5p,kshv_microRNA,ENSG00000165119_ENST00000360384_HNRNPK_mRNA,mRNA,1
kshv-miR-K12-6-5p,kshv_microRNA,ENSG00000165119_ENST00000376264_HNRNPK_mRNA,mRNA,1
kshv-miR-K12-6-5p,kshv_microRNA,ENSG00000165119_ENST00000376268_HNRNPK_mRNA,mRNA,1
kshv-miR-K12-6-5p,kshv_microRNA,ENSG00000165119_ENST00000376281_HNRNPK_mRNA,mRNA,1
kshv-miR-K12-6-5p,kshv_microRNA,ENSG00000165119_ENST00000376263_HNRNPK_mRNA,mRNA,1
kshv-miR-K12-6-5p,kshv_microRNA,ENSG00000251557_ENST00000511537_AC090588-1_lincRNA,lincRNA,1
kshv-miR-K12-6-5p,kshv_microRNA,ENSG00000175216_ENST00000354558_CKAP5_mRNA,mRNA,1
kshv-miR-K12-6-5p,kshv_microRNA,ENSG00000175216_ENST00000312055_CKAP5_mRNA,mRNA,1
kshv-miR-K12-6-5p,kshv_microRNA,ENSG00000162704_ENST00000359856_ARPC5_mRNA,mRNA,1
kshv-miR-K12-6-5p,kshv_microRNA,ENSG00000164587_ENST00000521466_RPS14_mRNA,mRNA,1
kshv-miR-K12-6-5p,kshv_microRNA,ENSG00000164587_ENST00000312037_RPS14_mRNA,mRNA,1
kshv-miR-K12-6-5p,kshv_microRNA,ENSG00000164587_ENST00000401695_RPS14_mRNA,mRNA,1
kshv-miR-K12-6-5p,kshv_microRNA,ENSG00000164587_ENST00000407193_RPS14_mRNA,mRNA,1
kshv-miR-K12-6-5p,kshv_microRNA,MIMAT0000254_MirBase_miR-10b_microRNA,miRNA,1
kshv-miR-K12-6-5p,kshv_microRNA,ENSG00000217555_ENST00000351137_CKLF_mRNA,mRNA,1
kshv-miR-K12-6-5p,kshv_microRNA,ENSG00000217555_ENST00000362093_CKLF_mRNA,mRNA,1
kshv-miR-K12-6-5p,kshv_microRNA,ENSG00000217555_ENST00000417030_CKLF_mRNA,mRNA,1
kshv-miR-K12-6-5p,kshv_microRNA,ENSG00000217555_ENST00000345436_CKLF_mRNA,mRNA,1
kshv-miR-K12-6-5p,kshv_microRNA,ENSG00000217555_ENST00000264001_CKLF_mRNA,mRNA,1
kshv-miR-K12-6-5p,kshv_microRNA,MIMAT0000278_MirBase_miR-221_microRNA,miRNA,1
kshv-miR-K12-6-5p,kshv_microRNA,MIMAT0004955_MirBase_miR-374b_microRNA,miRNA,1
kshv-miR-K12-6-5p,kshv_microRNA,ENSG00000233276_ENST00000419349_GPX1_mRNA,mRNA,1
kshv-miR-K12-6-5p,kshv_microRNA,ENSG00000233276_ENST00000419783_GPX1_mRNA,mRNA,1
kshv-miR-K12-6-5p,kshv_microRNA,ENSG00000117174_ENST00000370574_ZNHIT6_mRNA,mRNA,1
kshv-miR-K12-6-5p,kshv_microRNA,ENSG00000117174_ENST00000431532_ZNHIT6_mRNA,mRNA,1
kshv-miR-K12-6-5p,kshv_microRNA,MIMAT0004749_MirBase_miR-424*_microRNA,miRNA,1
kshv-miR-K12-6-5p,kshv_microRNA,MIMAT0000084_MirBase_miR-27a_microRNA,miRNA,1
kshv-miR-K12-6-5p,kshv_microRNA,ENSG00000198324_ENST00000361483_FAM109A_mRNA,mRNA,1
kshv-miR-K12-6-5p,kshv_microRNA,ENSG00000068724_ENST00000319190_TTC7A_mRNA,mRNA,1
kshv-miR-K12-6-5p,kshv_microRNA,MIMAT0004679_MirBase_miR-296-3p_microRNA,miRNA,1
kshv-miR-K12-6-5p,kshv_microRNA,ENSG00000113013_ENST00000297185_HSPA9_mRNA,mRNA,1
kshv-miR-K12-6-5p,kshv_microRNA,ENSG00000089154_ENST00000300648_GCN1L1_mRNA,mRNA,1
kshv-miR-K12-6-5p,kshv_microRNA,ENSG00000236287_ENST00000432999_ZBED5_mRNA,mRNA,1
kshv-miR-K12-6-5p,kshv_microRNA,ENSG00000236287_ENST00000413761_ZBED5_mRNA,mRNA,1
kshv-miR-K12-6-5p,kshv_microRNA,ENSG00000011258_ENST00000415868_MBTD1_mRNA,mRNA,1
kshv-miR-K12-6-5p,kshv_microRNA,ENSG00000011258_ENST00000405860_MBTD1_mRNA,mRNA,1
kshv-miR-K12-6-5p,kshv_microRNA,ENSG00000205336_ENST00000456916_GPR56_mRNA,mRNA,1
kshv-miR-K12-6-5p,kshv_microRNA,ENSG00000205336_ENST00000379696_GPR56_mRNA,mRNA,1
kshv-miR-K12-6-5p,kshv_microRNA,ENSG00000205336_ENST00000388813_GPR56_mRNA,mRNA,1
kshv-miR-K12-6-5p,kshv_microRNA,ENSG00000205336_ENST00000388812_GPR56_mRNA,mRNA,1
kshv-miR-K12-6-5p,kshv_microRNA,ENSG00000061936_ENST00000261674_SFRS8_mRNA,mRNA,1
kshv-miR-K12-6-5p,kshv_microRNA,ENSG00000186174_ENST00000334801_BCL9L_mRNA,mRNA,1
kshv-miR-K12-6-5p,kshv_microRNA,ENSG00000163558_ENST00000295797_PRKCI_mRNA,mRNA,1
kshv-miR-K12-6-5p,kshv_microRNA,ENSG00000136930_ENST00000259457_PSMB7_mRNA,mRNA,1
kshv-miR-K12-6-5p,kshv_microRNA,ENSG00000130340_ENST00000392185_SNX9_mRNA,mRNA,1
kshv-miR-K12-6-5p,kshv_microRNA,ENSG00000123179_ENST00000242827_EBPL_mRNA,mRNA,1
kshv-miR-K12-6-5p,kshv_microRNA,ENSG00000136997_ENST00000377970_MYC_mRNA,mRNA,1
kshv-miR-K12-6-5p,kshv_microRNA,ENSG00000171621_ENST00000357898_SPSB1_mRNA,mRNA,1
kshv-miR-K12-6-5p,kshv_microRNA,ENSG00000171621_ENST00000328089_SPSB1_mRNA,mRNA,1
kshv-miR-K12-6-5p,kshv_microRNA,ENSG00000171621_ENST00000377399_SPSB1_mRNA,mRNA,1
kshv-miR-K12-6-5p,kshv_microRNA,MIMAT0003239_MirBase_miR-574-3p_microRNA,miRNA,1
kshv-miR-K12-6-5p,kshv_microRNA,ENSG00000089157_ENST00000392514_RPLP0_mRNA,mRNA,1
kshv-miR-K12-6-5p,kshv_microRNA,ENSG00000089157_ENST00000228306_RPLP0_mRNA,mRNA,1
kshv-miR-K12-6-5p,kshv_microRNA,ENSG00000130396_ENST00000392108_MLLT4_mRNA,mRNA,1
kshv-miR-K12-6-5p,kshv_microRNA,ENSG00000066855_ENST00000424808_MTFR1_mRNA,mRNA,1
kshv-miR-K12-6-5p,kshv_microRNA,ENSG00000066855_ENST00000262146_MTFR1_mRNA,mRNA,1
kshv-miR-K12-6-5p,kshv_microRNA,ENSG00000142186_ENST00000420247_SCYL1_mRNA,mRNA,1
kshv-miR-K12-6-5p,kshv_microRNA,ENSG00000142186_ENST00000270176_SCYL1_mRNA,mRNA,1
kshv-miR-K12-6-5p,kshv_microRNA,ENSG00000215790_ENST00000246421_SLC35E2_mRNA,mRNA,1
kshv-miR-K12-6-5p,kshv_microRNA,ENSG00000189339_ENST00000234800_SLC35E2B_mRNA,mRNA,1
kshv-miR-K12-6-5p,kshv_microRNA,ENSG00000189339_ENST00000378662_SLC35E2B_mRNA,mRNA,1
kshv-miR-K12-6-5p,kshv_microRNA,ENSG00000037474_ENST00000264670_NSUN2_mRNA,mRNA,1
kshv-miR-K12-6-5p,kshv_microRNA,ENSG00000037474_ENST00000506139_NSUN2_mRNA,mRNA,1
kshv-miR-K12-6-5p,kshv_microRNA,ENSG00000177200_ENST00000398510_CHD9_mRNA,mRNA,1
kshv-miR-K12-6-5p,kshv_microRNA,ENSG00000182117_ENST00000328848_NOP10_mRNA,mRNA,1
kshv-miR-K12-6-5p,kshv_microRNA,ENSG00000140157_ENST00000398013_NIPA2_mRNA,mRNA,1
kshv-miR-K12-6-5p,kshv_microRNA,ENSG00000140157_ENST00000398014_NIPA2_mRNA,mRNA,1
kshv-miR-K12-6-5p,kshv_microRNA,ENSG00000140157_ENST00000359727_NIPA2_mRNA,mRNA,1
kshv-miR-K12-6-5p,kshv_microRNA,ENSG00000140157_ENST00000337451_NIPA2_mRNA,mRNA,1
kshv-miR-K12-6-5p,kshv_microRNA,ENSG00000167986_ENST00000301764_DDB1_mRNA,mRNA,1
kshv-miR-K12-6-5p,kshv_microRNA,ENSG00000152242_ENST00000282059_C18orf25_mRNA,mRNA,1
kshv-miR-K12-6-5p,kshv_microRNA,ENSG00000152242_ENST00000321319_C18orf25_mRNA,mRNA,1
kshv-miR-K12-6-5p,kshv_microRNA,ENSG00000176783_ENST00000319449_RUFY1_mRNA,mRNA,1
kshv-miR-K12-6-5p,kshv_microRNA,ENSG00000176783_ENST00000393438_RUFY1_mRNA,mRNA,1
kshv-miR-K12-6-5p,kshv_microRNA,ENSG00000176783_ENST00000437570_RUFY1_mRNA,mRNA,1
kshv-miR-K12-6-5p,kshv_microRNA,ENSG00000250049_ENST00000507217_RP11_pr-tr,pr-tr,1
kshv-miR-K12-6-5p,kshv_microRNA,ENSG00000141646_ENST00000342988_SMAD4_mRNA,mRNA,1
kshv-miR-K12-6-5p,kshv_microRNA,ENSG00000141646_ENST00000398417_SMAD4_mRNA,mRNA,1
kshv-miR-K12-6-5p,kshv_microRNA,ENSG00000006327_ENST00000326577_TNFRSF12A_mRNA,mRNA,1
kshv-miR-K12-6-5p,kshv_microRNA,MIMAT0002819_MirBase_miR-193b_microRNA,miRNA,1
kshv-miR-K12-6-5p,kshv_microRNA,ENSG00000241376_ENST00000492060_AL606830-1_pseudo,pseudogene,1
kshv-miR-K12-6-5p,kshv_microRNA,ENSG00000143569_ENST00000343815_UBAP2L_mRNA,mRNA,1
kshv-miR-K12-6-5p,kshv_microRNA,ENSG00000143569_ENST00000428931_UBAP2L_mRNA,mRNA,1
kshv-miR-K12-6-5p,kshv_microRNA,ENSG00000143569_ENST00000368505_UBAP2L_mRNA,mRNA,1
kshv-miR-K12-6-5p,kshv_microRNA,ENSG00000143569_ENST00000361546_UBAP2L_mRNA,mRNA,1
kshv-miR-K12-6-5p,kshv_microRNA,ENSG00000225051_ENST00000451823_RP11_pr-tr,pr-tr,1
kshv-miR-K12-6-5p,kshv_microRNA,ENSG00000121957_ENST00000406462_GPSM2_mRNA,mRNA,1
kshv-miR-K12-6-5p,kshv_microRNA,ENSG00000141367_ENST00000269122_CLTC_mRNA,mRNA,1
kshv-miR-K12-6-5p,kshv_microRNA,ENSG00000010256_ENST00000203407_UQCRC1_mRNA,mRNA,1
kshv-miR-K12-6-5p,kshv_microRNA,ENSG_ENST_chr2-trna2-TyrGTA_tRNA,tRNA,1
kshv-miR-K12-6-5p,kshv_microRNA,ENSG00000142627_ENST00000358432_EPHA2_mRNA,mRNA,1
kshv-miR-K12-6-5p,kshv_microRNA,ENSG00000142627_ENST00000407976_EPHA2_mRNA,mRNA,1
kshv-miR-K12-6-5p,kshv_microRNA,ENSG00000183283_ENST00000449723_DAZAP2_mRNA,mRNA,1
kshv-miR-K12-6-5p,kshv_microRNA,ENSG00000183283_ENST00000412716_DAZAP2_mRNA,mRNA,1
kshv-miR-K12-6-5p,kshv_microRNA,ENSG00000183283_ENST00000439799_DAZAP2_mRNA,mRNA,1
kshv-miR-K12-6-5p,kshv_microRNA,ENSG00000183283_ENST00000440849_DAZAP2_mRNA,mRNA,1
kshv-miR-K12-6-5p,kshv_microRNA,ENSG00000183283_ENST00000436900_DAZAP2_mRNA,mRNA,1
kshv-miR-K12-6-5p,kshv_microRNA,ENSG00000204463_ENST00000375976_BAT3_mRNA,mRNA,1
kshv-miR-K12-6-5p,kshv_microRNA,ENSG00000096155_ENST00000383448_BAT3_mRNA,mRNA,1
kshv-miR-K12-6-5p,kshv_microRNA,ENSG00000233348_ENST00000443182_BAT3_mRNA,mRNA,1
kshv-miR-K12-6-5p,kshv_microRNA,ENSG00000204463_ENST00000211379_BAT3_mRNA,mRNA,1
kshv-miR-K12-6-5p,kshv_microRNA,ENSG00000096155_ENST00000383446_BAT3_mRNA,mRNA,1
kshv-miR-K12-6-5p,kshv_microRNA,ENSG00000233348_ENST00000451932_BAT3_mRNA,mRNA,1
kshv-miR-K12-6-5p,kshv_microRNA,ENSG00000229524_ENST00000442479_BAT3_mRNA,mRNA,1
kshv-miR-K12-6-5p,kshv_microRNA,ENSG00000204463_ENST00000375964_BAT3_mRNA,mRNA,1
kshv-miR-K12-6-5p,kshv_microRNA,ENSG00000087152_ENST00000454077_ATXN7L3_mRNA,mRNA,1
kshv-miR-K12-6-5p,kshv_microRNA,ENSG00000087152_ENST00000389384_ATXN7L3_mRNA,mRNA,1
kshv-miR-K12-6-5p,kshv_microRNA,ENSG00000167779_ENST00000301464_IGFBP6_mRNA,mRNA,1
kshv-miR-K12-6-5p,kshv_microRNA,ENSG00000004897_ENST00000066544_CDC27_mRNA,mRNA,1
kshv-miR-K12-6-5p,kshv_microRNA,ENSG00000004897_ENST00000441612_CDC27_mRNA,mRNA,1
kshv-miR-K12-6-5p,kshv_microRNA,ENSG00000171552_ENST00000376062_BCL2L1_mRNA,mRNA,1
kshv-miR-K12-6-5p,kshv_microRNA,ENSG00000171552_ENST00000376055_BCL2L1_mRNA,mRNA,1
kshv-miR-K12-6-5p,kshv_microRNA,ENSG00000171552_ENST00000307677_BCL2L1_mRNA,mRNA,1
kshv-miR-K12-6-5p,kshv_microRNA,ENSG00000171552_ENST00000420653_BCL2L1_mRNA,mRNA,1
kshv-miR-K12-6-5p,kshv_microRNA,ENSG00000103512_ENST00000456867_NOMO1_mRNA,mRNA,1
kshv-miR-K12-6-5p,kshv_microRNA,ENSG00000185164_ENST00000330537_NOMO2_mRNA,mRNA,1
kshv-miR-K12-6-5p,kshv_microRNA,ENSG00000103226_ENST00000263012_NOMO3_mRNA,mRNA,1
kshv-miR-K12-6-5p,kshv_microRNA,ENSG00000103512_ENST00000287667_NOMO1_mRNA,mRNA,1
kshv-miR-K12-6-5p,kshv_microRNA,ENSG00000103226_ENST00000399336_NOMO3_mRNA,mRNA,1
kshv-miR-K12-6-5p,kshv_microRNA,ENSG00000185164_ENST00000381474_NOMO2_mRNA,mRNA,1
kshv-miR-K12-6-5p,kshv_microRNA,ENSG00000243092_ENST00000483424_AC140847-1_pseudo,pseudogene,1
kshv-miR-K12-6-5p,kshv_microRNA,MIMAT0000071_MirBase_miR-17*_microRNA,miRNA,1
kshv-miR-K12-6-5p,kshv_microRNA,MIMAT0002891_MirBase_miR-18a*_microRNA,miRNA,1
kshv-miR-K12-6-5p,kshv_microRNA,MIMAT0004509_MirBase_miR-93*_microRNA,miRNA,1
kshv-miR-K12-6-5p,kshv_microRNA,ENSG00000123143_ENST00000342216_PKN1_mRNA,mRNA,1
kshv-miR-K12-6-5p,kshv_microRNA,ENSG00000123143_ENST00000242783_PKN1_mRNA,mRNA,1
kshv-miR-K12-6-5p,kshv_microRNA,ENSG00000116096_ENST00000234454_SPR_mRNA,mRNA,1
kshv-miR-K12-6-5p,kshv_microRNA,ENSG00000242265_ENST00000482108_PEG10_mRNA,mRNA,1
kshv-miR-K12-6-5p,kshv_microRNA,ENSG00000197102_ENST00000360184_DYNC1H1_mRNA,mRNA,1
kshv-miR-K12-6-5p,kshv_microRNA,ENSG00000125520_ENST00000266077_SLC2A4RG_mRNA,mRNA,1
kshv-miR-K12-6-5p,kshv_microRNA,MIMAT0000089_MirBase_miR-31_microRNA,miRNA,1
kshv-miR-K12-6-5p,kshv_microRNA,ENSG00000223361_ENST00000401830_FTHL10_pr-tr,pr-tr,1
kshv-miR-K12-6-5p,kshv_microRNA,ENSG00000167996_ENST00000273550_FTH1_mRNA,mRNA,1
kshv-miR-K12-6-5p,kshv_microRNA,ENSG00000167996_ENST00000406545_FTH1_mRNA,mRNA,1
kshv-miR-K12-6-5p,kshv_microRNA,ENSG00000115541_ENST00000233893_HSPE1_mRNA,mRNA,1
kshv-miR-K12-6-5p,kshv_microRNA,ENSG00000105701_ENST00000222308_FKBP8_mRNA,mRNA,1
kshv-miR-K12-6-5p,kshv_microRNA,ENSG00000100220_ENST00000216038_C22orf28_mRNA,mRNA,1
kshv-miR-K12-6-5p,kshv_microRNA,ENSG00000139641_ENST00000267113_ESYT1_mRNA,mRNA,1
kshv-miR-K12-6-5p,kshv_microRNA,ENSG00000139641_ENST00000394048_ESYT1_mRNA,mRNA,1
kshv-miR-K12-6-5p,kshv_microRNA,ENSG00000115053_ENST00000322723_NCL_mRNA,mRNA,1
kshv-miR-K12-6-5p,kshv_microRNA,ENSG_ENST_chr1-trna58-LeuCAA_tRNA,tRNA,1
kshv-miR-K12-6-5p,kshv_microRNA,ENSG00000078246_ENST00000448120_TULP3_mRNA,mRNA,1
kshv-miR-K12-6-5p,kshv_microRNA,ENSG00000111077_ENST00000262048_TENC1_mRNA,mRNA,1
kshv-miR-K12-6-5p,kshv_microRNA,ENSG00000111077_ENST00000379902_TENC1_mRNA,mRNA,1
kshv-miR-K12-6-5p,kshv_microRNA,ENSG00000111077_ENST00000314276_TENC1_mRNA,mRNA,1
kshv-miR-K12-6-5p,kshv_microRNA,ENSG00000111647_ENST00000279907_UHRF1BP1L_mRNA,mRNA,1
kshv-miR-K12-6-5p,kshv_microRNA,ENSG00000023330_ENST00000310271_ALAS1_mRNA,mRNA,1
kshv-miR-K12-6-5p,kshv_microRNA,ENSG00000023330_ENST00000394965_ALAS1_mRNA,mRNA,1
kshv-miR-K12-6-5p,kshv_microRNA,ENSG00000023330_ENST00000484952_ALAS1_mRNA,mRNA,1
kshv-miR-K12-6-5p,kshv_microRNA,ENSG00000023330_ENST00000469224_ALAS1_mRNA,mRNA,1
kshv-miR-K12-6-5p,kshv_microRNA,ENSG00000013375_ENST00000513973_PGM3_mRNA,mRNA,1
kshv-miR-K12-6-5p,kshv_microRNA,ENSG00000013375_ENST00000416472_PGM3_mRNA,mRNA,1
kshv-miR-K12-6-5p,kshv_microRNA,ENSG00000013375_ENST00000506587_PGM3_mRNA,mRNA,1
kshv-miR-K12-6-5p,kshv_microRNA,ENSG00000207418_ENST00000384687_U1_snRNA,snRNA,1
kshv-miR-K12-6-5p,kshv_microRNA,ENSG00000206702_ENST00000383975_U1_snRNA,snRNA,1
kshv-miR-K12-6-5p,kshv_microRNA,ENSG00000206737_ENST00000384010_U1_snRNA,snRNA,1
kshv-miR-K12-6-5p,kshv_microRNA,ENSG00000207340_ENST00000384610_U1_snRNA,snRNA,1
kshv-miR-K12-6-5p,kshv_microRNA,MIMAT0005792_MirBase_miR-320b_microRNA,miRNA,1
kshv-miR-K12-6-5p,kshv_microRNA,ENSG00000006625_ENST00000275428_GGCT_mRNA,mRNA,1
kshv-miR-K12-6-5p,kshv_microRNA,ENSG00000181929_ENST00000395170_PRKAG1_mRNA,mRNA,1
kshv-miR-K12-6-5p,kshv_microRNA,ENSG00000181929_ENST00000316299_PRKAG1_mRNA,mRNA,1
kshv-miR-K12-6-5p,kshv_microRNA,ENSG00000185009_ENST00000355264_AP3M1_mRNA,mRNA,1
kshv-miR-K12-6-5p,kshv_microRNA,ENSG00000185009_ENST00000425908_AP3M1_mRNA,mRNA,1
kshv-miR-K12-6-5p,kshv_microRNA,ENSG00000185009_ENST00000372745_AP3M1_mRNA,mRNA,1
kshv-miR-K12-6-5p,kshv_microRNA,ENSG00000244466_ENST00000465918_AC015845-2_pseudo,pseudogene,1
kshv-miR-K12-6-5p,kshv_microRNA,ENSG00000147604_ENST00000352983_RPL7_mRNA,mRNA,1
kshv-miR-K12-6-5p,kshv_microRNA,ENSG00000135924_ENST00000392086_DNAJB2_mRNA,mRNA,1
kshv-miR-K12-6-5p,kshv_microRNA,ENSG00000135924_ENST00000336576_DNAJB2_mRNA,mRNA,1
kshv-miR-K12-6-5p,kshv_microRNA,ENSG00000150867_ENST00000376573_PIP5K2A_mRNA,mRNA,1
kshv-miR-K12-6-5p,kshv_microRNA,ENSG00000063244_ENST00000450554_U2AF2_mRNA,mRNA,1
kshv-miR-K12-6-5p,kshv_microRNA,ENSG00000063244_ENST00000308924_U2AF2_mRNA,mRNA,1
kshv-miR-K12-6-5p,kshv_microRNA,ENSG00000163923_ENST00000433055_RPL39L_mRNA,mRNA,1
kshv-miR-K12-6-5p,kshv_microRNA,ENSG00000198918_ENST00000361575_RPL39_mRNA,mRNA,1
kshv-miR-K12-6-5p,kshv_microRNA,ENSG00000163923_ENST00000296277_RPL39L_mRNA,mRNA,1
kshv-miR-K12-6-5p,kshv_microRNA,ENSG00000163923_ENST00000455270_RPL39L_mRNA,mRNA,1
kshv-miR-K12-6-5p,kshv_microRNA,ENSG00000064419_ENST00000471234_TNPO3_mRNA,mRNA,1
kshv-miR-K12-6-5p,kshv_microRNA,ENSG00000064419_ENST00000265388_TNPO3_mRNA,mRNA,1
kshv-miR-K12-6-5p,kshv_microRNA,ENSG00000182141_ENST00000356929_ZNF708_mRNA,mRNA,1
kshv-miR-K12-6-5p,kshv_microRNA,ENSG00000197013_ENST00000358491_ZNF429_mRNA,mRNA,1
kshv-miR-K12-6-5p,kshv_microRNA,ENSG_ENST_chr1-trna32-MetCAT_tRNA,tRNA,1
kshv-miR-K12-6-5p,kshv_microRNA,ENSG_ENST_chr6-trna61-MetCAT_tRNA,tRNA,1
kshv-miR-K12-6-5p,kshv_microRNA,MIMAT0000077_MirBase_miR-22_microRNA,miRNA,1
kshv-miR-K12-6-5p,kshv_microRNA,ENSG00000244462_ENST00000374104_RBM12_mRNA,mRNA,1
kshv-miR-K12-6-5p,kshv_microRNA,ENSG00000214078_ENST00000397445_CPNE1_mRNA,mRNA,1
kshv-miR-K12-6-5p,kshv_microRNA,ENSG00000214078_ENST00000397443_CPNE1_mRNA,mRNA,1
kshv-miR-K12-6-5p,kshv_microRNA,ENSG00000214078_ENST00000349942_CPNE1_mRNA,mRNA,1
kshv-miR-K12-6-5p,kshv_microRNA,ENSG00000214078_ENST00000317619_CPNE1_mRNA,mRNA,1
kshv-miR-K12-6-5p,kshv_microRNA,ENSG00000214078_ENST00000397446_CPNE1_mRNA,mRNA,1
kshv-miR-K12-6-5p,kshv_microRNA,ENSG00000244462_ENST00000374114_RBM12_mRNA,mRNA,1
kshv-miR-K12-6-5p,kshv_microRNA,ENSG00000214078_ENST00000402424_CPNE1_mRNA,mRNA,1
kshv-miR-K12-6-5p,kshv_microRNA,ENSG00000173039_ENST00000406246_RELA_mRNA,mRNA,1
kshv-miR-K12-6-5p,kshv_microRNA,ENSG00000173039_ENST00000308639_RELA_mRNA,mRNA,1
kshv-miR-K12-6-5p,kshv_microRNA,ENSG00000110025_ENST00000301886_SNX15_mRNA,mRNA,1
kshv-miR-K12-6-5p,kshv_microRNA,ENSG00000167004_ENST00000300289_PDIA3_mRNA,mRNA,1
kshv-miR-K12-6-5p,kshv_microRNA,ENSG00000149948_ENST00000403681_HMGA2_mRNA,mRNA,1
kshv-miR-K12-6-5p,kshv_microRNA,ENSG00000185753_ENST00000327877_CXorf38_mRNA,mRNA,1
kshv-miR-K12-6-5p,kshv_microRNA,MIMAT0004597_MirBase_miR-140-3p_microRNA,miRNA,1
kshv-miR-K12-6-5p,kshv_microRNA,ENSG00000244663_ENST00000494159_AC007599-1_pseudo,pseudogene,1
kshv-miR-K12-6-5p,kshv_microRNA,ENSG00000132254_ENST00000396777_ARFIP2_mRNA,mRNA,1
kshv-miR-K12-6-5p,kshv_microRNA,ENSG00000132254_ENST00000254584_ARFIP2_mRNA,mRNA,1
kshv-miR-K12-6-5p,kshv_microRNA,ENSG00000241482_ENST00000473498_AC064836-1_pseudo,pseudogene,1
kshv-miR-K12-6-5p,kshv_microRNA,ENSG00000132300_ENST00000254630_PTCD3_mRNA,mRNA,1
kshv-miR-K12-6-5p,kshv_microRNA,ENSG00000042445_ENST00000295802_RETSAT_mRNA,mRNA,1
kshv-miR-K12-6-5p,kshv_microRNA,MIMAT0000065_MirBase_let-7d_microRNA,miRNA,1
kshv-miR-K12-6-5p,kshv_microRNA,ENSG00000021776_ENST00000156471_AQR_mRNA,mRNA,1
kshv-miR-K12-6-5p,kshv_microRNA,ENSG00000084623_ENST00000373586_EIF3I_mRNA,mRNA,1
kshv-miR-K12-6-5p,kshv_microRNA,ENSG00000180667_ENST00000315927_YOD1_mRNA,mRNA,1
kshv-miR-K12-6-5p,kshv_microRNA,ENSG00000100201_ENST00000403230_DDX17_mRNA,mRNA,1
kshv-miR-K12-6-5p,kshv_microRNA,ENSG00000100201_ENST00000396821_DDX17_mRNA,mRNA,1
kshv-miR-K12-6-5p,kshv_microRNA,ENSG00000100201_ENST00000444597_DDX17_mRNA,mRNA,1
kshv-miR-K12-6-5p,kshv_microRNA,ENSG00000100201_ENST00000415748_DDX17_mRNA,mRNA,1
kshv-miR-K12-6-5p,kshv_microRNA,ENSG00000100201_ENST00000415456_DDX17_mRNA,mRNA,1
kshv-miR-K12-6-5p,kshv_microRNA,ENSG00000100201_ENST00000404499_DDX17_mRNA,mRNA,1
kshv-miR-K12-6-5p,kshv_microRNA,ENSG00000100201_ENST00000381633_DDX17_mRNA,mRNA,1
kshv-miR-K12-6-5p,kshv_microRNA,ENSG00000173334_ENST00000311922_TRIB1_mRNA,mRNA,1
kshv-miR-K12-6-5p,kshv_microRNA,ENSG00000109686_ENST00000424281_SH3D19_mRNA,mRNA,1
kshv-miR-K12-6-5p,kshv_microRNA,ENSG00000109686_ENST00000514152_SH3D19_mRNA,mRNA,1
kshv-miR-K12-6-5p,kshv_microRNA,ENSG00000109686_ENST00000409598_SH3D19_mRNA,mRNA,1
kshv-miR-K12-6-5p,kshv_microRNA,ENSG00000109686_ENST00000304527_SH3D19_mRNA,mRNA,1
kshv-miR-K12-6-5p,kshv_microRNA,ENSG00000109686_ENST00000409252_SH3D19_mRNA,mRNA,1
kshv-miR-K12-6-5p,kshv_microRNA,ENSG00000109686_ENST00000455740_SH3D19_mRNA,mRNA,1
kshv-miR-K12-6-5p,kshv_microRNA,ENSG00000138814_ENST00000323055_PPP3CA_mRNA,mRNA,1
kshv-miR-K12-6-5p,kshv_microRNA,ENSG00000138814_ENST00000509183_PPP3CA_mRNA,mRNA,1
kshv-miR-K12-6-5p,kshv_microRNA,ENSG00000138814_ENST00000523694_PPP3CA_mRNA,mRNA,1
kshv-miR-K12-6-5p,kshv_microRNA,ENSG00000138814_ENST00000394854_PPP3CA_mRNA,mRNA,1
kshv-miR-K12-6-5p,kshv_microRNA,kshv-miR-K12-1,kshv_microRNA,1
kshv-miR-K12-6-5p,kshv_microRNA,ENSG00000185808_ENST00000399102_PIGP_mRNA,mRNA,1
kshv-miR-K12-6-5p,kshv_microRNA,ENSG00000185808_ENST00000399103_PIGP_mRNA,mRNA,1
kshv-miR-K12-6-5p,kshv_microRNA,ENSG00000185808_ENST00000360525_PIGP_mRNA,mRNA,1
kshv-miR-K12-6-5p,kshv_microRNA,ENSG00000185808_ENST00000464265_PIGP_mRNA,mRNA,1
kshv-miR-K12-6-5p,kshv_microRNA,ENSG00000081087_ENST00000193322_OSTM1_mRNA,mRNA,1
kshv-miR-K12-6-5p,kshv_microRNA,MIMAT0000070_MirBase_miR-17_microRNA,miRNA,1
kshv-miR-K12-6-5p,kshv_microRNA,ENSG00000174231_ENST00000304992_PRPF8_mRNA,mRNA,1
kshv-miR-K12-6-5p,kshv_microRNA,ENSG00000069329_ENST00000299138_VPS35_mRNA,mRNA,1
kshv-miR-K12-6-5p,kshv_microRNA,ENSG00000169710_ENST00000306749_FASN_mRNA,mRNA,1
kshv-miR-K12-6-5p,kshv_microRNA,ENSG00000137309_ENST00000347617_HMGA1_mRNA,mRNA,1
kshv-miR-K12-6-5p,kshv_microRNA,ENSG00000137309_ENST00000447654_HMGA1_mRNA,mRNA,1
kshv-miR-K12-6-5p,kshv_microRNA,ENSG00000137309_ENST00000327014_HMGA1_mRNA,mRNA,1
kshv-miR-K12-6-5p,kshv_microRNA,ENSG00000137309_ENST00000374116_HMGA1_mRNA,mRNA,1
kshv-miR-K12-6-5p,kshv_microRNA,ENSG00000137309_ENST00000357318_HMGA1_mRNA,mRNA,1
kshv-miR-K12-6-5p,kshv_microRNA,ENSG00000137309_ENST00000401473_HMGA1_mRNA,mRNA,1
kshv-miR-K12-6-5p,kshv_microRNA,ENSG00000137309_ENST00000311487_HMGA1_mRNA,mRNA,1
kshv-miR-K12-6-5p,kshv_microRNA,ENSG00000143756_ENST00000366862_FBXO28_mRNA,mRNA,1
kshv-miR-K12-6-5p,kshv_microRNA,ENSG00000100991_ENST00000451813_TRPC4AP_mRNA,mRNA,1
kshv-miR-K12-6-5p,kshv_microRNA,ENSG00000100991_ENST00000252015_TRPC4AP_mRNA,mRNA,1
kshv-miR-K12-6-5p,kshv_microRNA,ENSG00000176148_ENST00000432887_TCP11L1_mRNA,mRNA,1
kshv-miR-K12-6-5p,kshv_microRNA,ENSG00000176148_ENST00000334274_TCP11L1_mRNA,mRNA,1
kshv-miR-K12-6-5p,kshv_microRNA,ENSG00000123472_ENST00000329231_ATPAF1_mRNA,mRNA,1
kshv-miR-K12-6-5p,kshv_microRNA,ENSG00000123472_ENST00000371937_ATPAF1_mRNA,mRNA,1
kshv-miR-K12-6-5p,kshv_microRNA,ENSG00000133895_ENST00000315422_MEN1_mRNA,mRNA,1
kshv-miR-K12-6-5p,kshv_microRNA,ENSG00000133895_ENST00000394374_MEN1_mRNA,mRNA,1
kshv-miR-K12-6-5p,kshv_microRNA,ENSG00000133895_ENST00000449150_MEN1_mRNA,mRNA,1
kshv-miR-K12-6-5p,kshv_microRNA,ENSG00000133895_ENST00000443283_MEN1_mRNA,mRNA,1
kshv-miR-K12-6-5p,kshv_microRNA,ENSG00000133895_ENST00000377326_MEN1_mRNA,mRNA,1
kshv-miR-K12-6-5p,kshv_microRNA,ENSG00000133895_ENST00000312049_MEN1_mRNA,mRNA,1
kshv-miR-K12-6-5p,kshv_microRNA,ENSG00000133895_ENST00000394376_MEN1_mRNA,mRNA,1
kshv-miR-K12-6-5p,kshv_microRNA,ENSG00000133895_ENST00000394373_MEN1_mRNA,mRNA,1
kshv-miR-K12-6-5p,kshv_microRNA,ENSG00000133895_ENST00000337652_MEN1_mRNA,mRNA,1
kshv-miR-K12-6-5p,kshv_microRNA,ENSG00000113558_ENST00000353411_SKP1_mRNA,mRNA,1
kshv-miR-K12-6-5p,kshv_microRNA,ENSG00000198176_ENST00000375370_TFDP1_mRNA,mRNA,1
kshv-miR-K12-6-5p,kshv_microRNA,ENSG00000153707_ENST00000381196_PTPRD_mRNA,mRNA,1
kshv-miR-K12-6-5p,kshv_microRNA,ENSG00000153707_ENST00000356435_PTPRD_mRNA,mRNA,1
kshv-miR-K12-6-5p,kshv_microRNA,ENSG00000153707_ENST00000355233_PTPRD_mRNA,mRNA,1
kshv-miR-K12-6-5p,kshv_microRNA,ENSG00000153707_ENST00000486161_PTPRD_mRNA,mRNA,1
kshv-miR-K12-6-5p,kshv_microRNA,ENSG00000153707_ENST00000397606_PTPRD_mRNA,mRNA,1
kshv-miR-K12-6-5p,kshv_microRNA,ENSG00000109180_ENST00000264312_OCIAD1_mRNA,mRNA,1
kshv-miR-K12-6-5p,kshv_microRNA,ENSG00000109180_ENST00000425583_OCIAD1_mRNA,mRNA,1
kshv-miR-K12-6-5p,kshv_microRNA,ENSG00000109180_ENST00000513391_OCIAD1_mRNA,mRNA,1
kshv-miR-K12-6-5p,kshv_microRNA,ENSG00000109180_ENST00000396448_OCIAD1_mRNA,mRNA,1
kshv-miR-K12-6-5p,kshv_microRNA,ENSG00000109180_ENST00000381473_OCIAD1_mRNA,mRNA,1
kshv-miR-K12-6-5p,kshv_microRNA,ENSG00000109180_ENST00000444354_OCIAD1_mRNA,mRNA,1
kshv-miR-K12-6-5p,kshv_microRNA,ENSG00000109180_ENST00000508293_OCIAD1_mRNA,mRNA,1
kshv-miR-K12-6-5p,kshv_microRNA,ENSG00000165934_ENST00000298875_CPSF2_mRNA,mRNA,1
kshv-miR-K12-6-5p,kshv_microRNA,ENSG00000143641_ENST00000366672_GALNT2_mRNA,mRNA,1
kshv-miR-K12-6-5p,kshv_microRNA,ENSG00000148303_ENST00000323345_RPL7A_mRNA,mRNA,1
kshv-miR-K12-6-5p,kshv_microRNA,ENSG00000067082_ENST00000497571_KLF6_mRNA,mRNA,1
kshv-miR-K12-6-5p,kshv_microRNA,ENSG00000214014_ENST00000263084_OVCA2_mRNA,mRNA,1
kshv-miR-K12-6-5p,kshv_microRNA,ENSG00000108963_ENST00000263083_DPH1_mRNA,mRNA,1
kshv-miR-K12-6-5p,kshv_microRNA,ENSG00000153827_ENST00000283943_TRIP12_mRNA,mRNA,1
kshv-miR-K12-6-5p,kshv_microRNA,ENSG00000174851_ENST00000376901_YIF1A_mRNA,mRNA,1
kshv-miR-K12-6-5p,kshv_microRNA,ENSG00000107036_ENST00000418622_KIAA1432_mRNA,mRNA,1
kshv-miR-K12-6-5p,kshv_microRNA,ENSG00000107036_ENST00000414202_KIAA1432_mRNA,mRNA,1
kshv-miR-K12-6-5p,kshv_microRNA,ENSG00000186635_ENST00000334211_ARAP1_mRNA,mRNA,1
kshv-miR-K12-6-5p,kshv_microRNA,ENSG00000186635_ENST00000393609_ARAP1_mRNA,mRNA,1
kshv-miR-K12-6-5p,kshv_microRNA,ENSG00000186635_ENST00000429686_ARAP1_mRNA,mRNA,1
kshv-miR-K12-6-5p,kshv_microRNA,ENSG00000186635_ENST00000452383_ARAP1_mRNA,mRNA,1
kshv-miR-K12-6-5p,kshv_microRNA,MIMAT0000100_MirBase_miR-29b_microRNA,miRNA,1
kshv-miR-K12-6-5p,kshv_microRNA,ENSG00000124942_ENST00000378024_AHNAK_mRNA,mRNA,1
kshv-miR-K12-6-5p,kshv_microRNA,ENSG00000197061_ENST00000377803_HIST1H4C_mRNA,mRNA,1
kshv-miR-K12-6-5p,kshv_microRNA,ENSG00000139112_ENST00000266458_GABARAPL1_mRNA,mRNA,1
kshv-miR-K12-6-5p,kshv_microRNA,ENSG00000104325_ENST00000220764_DECR1_mRNA,mRNA,1
kshv-miR-K12-6-5p,kshv_microRNA,ENSG00000071082_ENST00000264258_RPL31_mRNA,mRNA,1
kshv-miR-K12-6-5p,kshv_microRNA,ENSG00000071082_ENST00000409028_RPL31_mRNA,mRNA,1
kshv-miR-K12-6-5p,kshv_microRNA,ENSG00000071082_ENST00000409320_RPL31_mRNA,mRNA,1
kshv-miR-K12-6-5p,kshv_microRNA,ENSG00000071082_ENST00000409733_RPL31_mRNA,mRNA,1
kshv-miR-K12-6-5p,kshv_microRNA,MIMAT0003886_MirBase_miR-769-5p_microRNA,miRNA,1
kshv-miR-K12-6-5p,kshv_microRNA,MIMAT0000096_MirBase_miR-98_microRNA,miRNA,1
kshv-miR-K12-6-5p,kshv_microRNA,ENSG00000185324_ENST00000353379_CDK10_mRNA,mRNA,1
kshv-miR-K12-6-5p,kshv_microRNA,ENSG00000185324_ENST00000331006_CDK10_mRNA,mRNA,1
kshv-miR-K12-6-5p,kshv_microRNA,ENSG00000185324_ENST00000393082_CDK10_mRNA,mRNA,1
kshv-miR-K12-6-5p,kshv_microRNA,ENSG00000185324_ENST00000437260_CDK10_mRNA,mRNA,1
kshv-miR-K12-6-5p,kshv_microRNA,ENSG00000201638_ENST00000364768_Y-RNA_miscRNA,miscRNA,1
kshv-miR-K12-6-5p,kshv_microRNA,ENSG00000200064_ENST00000363194_Y-RNA_miscRNA,miscRNA,1
kshv-miR-K12-6-5p,kshv_microRNA,MIMAT0000252_MirBase_miR-7_microRNA,miRNA,1
kshv-miR-K12-6-5p,kshv_microRNA,ENSG00000173914_ENST00000310046_RBM4B_mRNA,mRNA,1
kshv-miR-K12-6-5p,kshv_microRNA,ENSG00000185650_ENST00000336440_ZFP36L1_mRNA,mRNA,1
kshv-miR-K12-6-5p,kshv_microRNA,ENSG00000185650_ENST00000439696_ZFP36L1_mRNA,mRNA,1
kshv-miR-K12-6-5p,kshv_microRNA,ENSG00000138095_ENST00000260665_LRPPRC_mRNA,mRNA,1
kshv-miR-K12-6-5p,kshv_microRNA,ENSG00000146674_ENST00000275521_IGFBP3_mRNA,mRNA,1
kshv-miR-K12-6-5p,kshv_microRNA,ENSG00000146674_ENST00000381083_IGFBP3_mRNA,mRNA,1
kshv-miR-K12-6-5p,kshv_microRNA,ENSG00000221890_ENST00000333039_NPTXR_mRNA,mRNA,1
kshv-miR-K12-6-5p,kshv_microRNA,ENSG00000175115_ENST00000320580_PACS1_mRNA,mRNA,1
kshv-miR-K12-6-5p,kshv_microRNA,ENSG00000135913_ENST00000258399_USP37_mRNA,mRNA,1
kshv-miR-K12-6-5p,kshv_microRNA,ENSG00000135913_ENST00000454775_USP37_mRNA,mRNA,1
kshv-miR-K12-6-5p,kshv_microRNA,ENSG00000135913_ENST00000418019_USP37_mRNA,mRNA,1
kshv-miR-K12-6-5p,kshv_microRNA,MIMAT0000259_MirBase_miR-182_microRNA,miRNA,1
kshv-miR-K12-6-5p,kshv_microRNA,ENSG00000124783_ENST00000244763_SSR1_mRNA,mRNA,1
kshv-miR-K12-6-5p,kshv_microRNA,ENSG00000059573_ENST00000371224_ALDH18A1_mRNA,mRNA,1
kshv-miR-K12-6-5p,kshv_microRNA,ENSG00000059573_ENST00000371221_ALDH18A1_mRNA,mRNA,1
kshv-miR-K12-6-5p,kshv_microRNA,ENSG00000108592_ENST00000427159_FTSJ3_mRNA,mRNA,1
kshv-miR-K12-6-5p,kshv_microRNA,ENSG00000108592_ENST00000336599_FTSJ3_mRNA,mRNA,1
kshv-miR-K12-6-5p,kshv_microRNA,MIMAT0005793_MirBase_miR-320c_microRNA,miRNA,1
kshv-miR-K12-6-5p,kshv_microRNA,MIMAT0000680_MirBase_miR-106b_microRNA,miRNA,1
kshv-miR-K12-6-5p,kshv_microRNA,ENSG00000175573_ENST00000449692_C11orf68_mRNA,mRNA,1
kshv-miR-K12-6-5p,kshv_microRNA,ENSG00000175573_ENST00000438576_C11orf68_mRNA,mRNA,1
kshv-miR-K12-6-5p,kshv_microRNA,ENSG00000063660_ENST00000264039_GPC1_mRNA,mRNA,1
kshv-miR-K12-6-5p,kshv_microRNA,ENSG00000187990_ENST00000339812_HIST1H2BG_mRNA,mRNA,1
kshv-miR-K12-6-5p,kshv_microRNA,MIMAT0000068_MirBase_miR-15a_microRNA,miRNA,1
kshv-miR-K12-6-5p,kshv_microRNA,ENSG00000147533_ENST00000520817_GOLGA7_mRNA,mRNA,1
kshv-miR-K12-6-5p,kshv_microRNA,ENSG00000147533_ENST00000357743_GOLGA7_mRNA,mRNA,1
kshv-miR-K12-6-5p,kshv_microRNA,ENSG00000157741_ENST00000473989_UBN2_mRNA,mRNA,1
kshv-miR-K12-6-5p,kshv_microRNA,ENSG00000172809_ENST00000439590_AC100786-1_mRNA,mRNA,1
kshv-miR-K12-6-5p,kshv_microRNA,ENSG00000172809_ENST00000311111_AC100786-1_mRNA,mRNA,1
kshv-miR-K12-6-5p,kshv_microRNA,ENSG00000106665_ENST00000223398_CLIP2_mRNA,mRNA,1
kshv-miR-K12-6-5p,kshv_microRNA,ENSG00000106665_ENST00000361545_CLIP2_mRNA,mRNA,1
kshv-miR-K12-6-5p,kshv_microRNA,ENSG00000110172_ENST00000457199_CHORDC1_mRNA,mRNA,1
kshv-miR-K12-6-5p,kshv_microRNA,ENSG00000110172_ENST00000320585_CHORDC1_mRNA,mRNA,1
kshv-miR-K12-6-5p,kshv_microRNA,ENSG00000132613_ENST00000338779_MTSS1L_mRNA,mRNA,1
kshv-miR-K12-6-5p,kshv_microRNA,MIMAT0000420_MirBase_miR-30b_microRNA,miRNA,1
kshv-miR-K12-6-5p,kshv_microRNA,ENSG00000167280_ENST00000300682_ENGASE_mRNA,mRNA,1
kshv-miR-K12-6-5p,kshv_microRNA,ENSG00000250240_ENST00000513235_CTD_pr-tr,pr-tr,1
kshv-miR-K12-6-5p,kshv_microRNA,ENSG00000150676_ENST00000280245_CCDC83_mRNA,mRNA,1
kshv-miR-K12-6-5p,kshv_microRNA,ENSG00000148600_ENST00000332904_CDHR1_mRNA,mRNA,1
kshv-miR-K12-6-5p,kshv_microRNA,ENSG00000071967_ENST00000321348_CYBRD1_mRNA,mRNA,1
kshv-miR-K12-6-5p,kshv_microRNA,ENSG00000071967_ENST00000375252_CYBRD1_mRNA,mRNA,1
kshv-miR-K12-6-5p,kshv_microRNA,ENSG00000101391_ENST00000346416_CDK5RAP1_mRNA,mRNA,1
kshv-miR-K12-6-5p,kshv_microRNA,ENSG00000133657_ENST00000439040_ATP13A3_mRNA,mRNA,1
kshv-miR-K12-6-5p,kshv_microRNA,ENSG00000133657_ENST00000256031_ATP13A3_mRNA,mRNA,1
kshv-miR-K12-6-5p,kshv_microRNA,ENSG00000196666_ENST00000356737_FAM180B_mRNA,mRNA,1
kshv-miR-K12-6-5p,kshv_microRNA,ENSG00000166147_ENST00000316623_FBN1_mRNA,mRNA,1
kshv-miR-K12-6-5p,kshv_microRNA,ENSG00000204120_ENST00000414511_GIGYF2_mRNA,mRNA,1
kshv-miR-K12-6-5p,kshv_microRNA,ENSG00000204120_ENST00000373563_GIGYF2_mRNA,mRNA,1
kshv-miR-K12-6-5p,kshv_microRNA,ENSG00000204120_ENST00000409547_GIGYF2_mRNA,mRNA,1
kshv-miR-K12-6-5p,kshv_microRNA,ENSG00000204120_ENST00000409196_GIGYF2_mRNA,mRNA,1
kshv-miR-K12-6-5p,kshv_microRNA,ENSG00000204120_ENST00000409451_GIGYF2_mRNA,mRNA,1
kshv-miR-K12-6-5p,kshv_microRNA,ENSG00000244428_ENST00000469579_AC006032-1_pseudo,pseudogene,1
kshv-miR-K12-6-5p,kshv_microRNA,ENSG00000143862_ENST00000272217_ARL8A_mRNA,mRNA,1
kshv-miR-K12-6-5p,kshv_microRNA,ENSG00000070159_ENST00000374541_PTPN3_mRNA,mRNA,1
kshv-miR-K12-6-5p,kshv_microRNA,ENSG00000070159_ENST00000394831_PTPN3_mRNA,mRNA,1
kshv-miR-K12-6-5p,kshv_microRNA,ENSG00000070159_ENST00000446349_PTPN3_mRNA,mRNA,1
kshv-miR-K12-6-5p,kshv_microRNA,ENSG00000070159_ENST00000412145_PTPN3_mRNA,mRNA,1
kshv-miR-K12-6-5p,kshv_microRNA,ENSG00000153107_ENST00000341068_ANAPC1_mRNA,mRNA,1
kshv-miR-K12-6-5p,kshv_microRNA,ENSG00000187243_ENST00000497164_MAGED4B_mRNA,mRNA,1
kshv-miR-K12-6-5p,kshv_microRNA,ENSG00000187243_ENST00000335504_MAGED4B_mRNA,mRNA,1
kshv-miR-K12-6-5p,kshv_microRNA,ENSG00000187243_ENST00000360134_MAGED4B_mRNA,mRNA,1
kshv-miR-K12-6-5p,kshv_microRNA,ENSG00000177830_ENST00000454838_CHID1_mRNA,mRNA,1
kshv-miR-K12-6-5p,kshv_microRNA,ENSG00000177830_ENST00000429789_CHID1_mRNA,mRNA,1
kshv-miR-K12-6-5p,kshv_microRNA,ENSG00000177830_ENST00000436108_CHID1_mRNA,mRNA,1
kshv-miR-K12-6-5p,kshv_microRNA,ENSG00000177830_ENST00000323541_CHID1_mRNA,mRNA,1
kshv-miR-K12-6-5p,kshv_microRNA,ENSG00000177830_ENST00000323578_CHID1_mRNA,mRNA,1
kshv-miR-K12-6-5p,kshv_microRNA,ENSG00000177830_ENST00000449825_CHID1_mRNA,mRNA,1
kshv-miR-K12-6-5p,kshv_microRNA,ENSG00000177830_ENST00000336845_CHID1_mRNA,mRNA,1
kshv-miR-K12-6-5p,kshv_microRNA,ENSG00000163930_ENST00000460680_BAP1_mRNA,mRNA,1
kshv-miR-K12-6-5p,kshv_microRNA,ENSG00000158290_ENST00000371322_CUL4B_mRNA,mRNA,1
kshv-miR-K12-6-5p,kshv_microRNA,ENSG00000158290_ENST00000404115_CUL4B_mRNA,mRNA,1
kshv-miR-K12-6-5p,kshv_microRNA,ENSG00000087365_ENST00000322535_SF3B2_mRNA,mRNA,1
kshv-miR-K12-6-5p,kshv_microRNA,ENSG00000177946_ENST00000314994_CENPBD1_mRNA,mRNA,1
kshv-miR-K12-6-5p,kshv_microRNA,ENSG00000100304_ENST00000406379_TTLL12_mRNA,mRNA,1
kshv-miR-K12-6-5p,kshv_microRNA,ENSG00000100304_ENST00000216129_TTLL12_mRNA,mRNA,1
kshv-miR-K12-6-5p,kshv_microRNA,ENSG00000100243_ENST00000402438_CYB5R3_mRNA,mRNA,1
kshv-miR-K12-6-5p,kshv_microRNA,ENSG00000100243_ENST00000396309_CYB5R3_mRNA,mRNA,1
kshv-miR-K12-6-5p,kshv_microRNA,ENSG00000100243_ENST00000352397_CYB5R3_mRNA,mRNA,1
kshv-miR-K12-6-5p,kshv_microRNA,ENSG00000100243_ENST00000407623_CYB5R3_mRNA,mRNA,1
kshv-miR-K12-6-5p,kshv_microRNA,ENSG00000100243_ENST00000396303_CYB5R3_mRNA,mRNA,1
kshv-miR-K12-6-5p,kshv_microRNA,ENSG00000100243_ENST00000407332_CYB5R3_mRNA,mRNA,1
kshv-miR-K12-6-5p,kshv_microRNA,ENSG00000181588_ENST00000402693_MEX3D_mRNA,mRNA,1
kshv-miR-K12-6-5p,kshv_microRNA,ENSG00000181588_ENST00000388824_MEX3D_mRNA,mRNA,1
kshv-miR-K12-6-5p,kshv_microRNA,ENSG00000132507_ENST00000336452_EIF5A_mRNA,mRNA,1
kshv-miR-K12-6-5p,kshv_microRNA,ENSG00000132507_ENST00000419711_EIF5A_mRNA,mRNA,1
kshv-miR-K12-6-5p,kshv_microRNA,ENSG00000132507_ENST00000336458_EIF5A_mRNA,mRNA,1
kshv-miR-K12-6-5p,kshv_microRNA,ENSG00000132507_ENST00000416016_EIF5A_mRNA,mRNA,1
kshv-miR-K12-6-5p,kshv_microRNA,ENSG00000110697_ENST00000356404_PITPNM1_mRNA,mRNA,1
kshv-miR-K12-6-5p,kshv_microRNA,ENSG00000110697_ENST00000436757_PITPNM1_mRNA,mRNA,1
kshv-miR-K12-6-5p,kshv_microRNA,ENSG00000135486_ENST00000420780_HNRNPA1_mRNA,mRNA,1
kshv-miR-K12-6-5p,kshv_microRNA,ENSG00000135486_ENST00000340913_HNRNPA1_mRNA,mRNA,1
kshv-miR-K12-6-5p,kshv_microRNA,ENSG00000135486_ENST00000330752_HNRNPA1_mRNA,mRNA,1
kshv-miR-K12-6-5p,kshv_microRNA,ENSG00000211584_ENST00000442218_SLC48A1_mRNA,mRNA,1
kshv-miR-K12-6-5p,kshv_microRNA,ENSG00000083937_ENST00000263780_CHMP2B_mRNA,mRNA,1
kshv-miR-K12-6-5p,kshv_microRNA,ENSG00000215301_ENST00000399959_DDX3X_mRNA,mRNA,1
kshv-miR-K12-6-5p,kshv_microRNA,ENSG00000104133_ENST00000427534_SPG11_mRNA,mRNA,1
kshv-miR-K12-6-5p,kshv_microRNA,ENSG00000104133_ENST00000261866_SPG11_mRNA,mRNA,1
kshv-miR-K12-6-5p,kshv_microRNA,ENSG00000148925_ENST00000278174_BTBD10_mRNA,mRNA,1
kshv-miR-K12-6-5p,kshv_microRNA,ENSG00000167930_ENST00000301678_ITFG3_mRNA,mRNA,1
kshv-miR-K12-6-5p,kshv_microRNA,ENSG00000167930_ENST00000399932_ITFG3_mRNA,mRNA,1
kshv-miR-K12-6-5p,kshv_microRNA,ENSG00000109971_ENST00000453788_HSPA8_mRNA,mRNA,1
kshv-miR-K12-6-5p,kshv_microRNA,ENSG00000109971_ENST00000227378_HSPA8_mRNA,mRNA,1
kshv-miR-K12-6-5p,kshv_microRNA,ENSG00000113732_ENST00000519374_ATP6V0E1_mRNA,mRNA,1
kshv-miR-K12-6-5p,kshv_microRNA,ENSG00000113732_ENST00000517669_ATP6V0E1_mRNA,mRNA,1
kshv-miR-K12-6-5p,kshv_microRNA,ENSG00000109321_ENST00000395748_AREG_mRNA,mRNA,1
kshv-miR-K12-6-5p,kshv_microRNA,ENSG00000202030_ENST00000365160_Vault_miscRNA,miscRNA,1
kshv-miR-K12-6-5p,kshv_microRNA,ENSG00000162714_ENST00000294753_ZNF496_mRNA,mRNA,1
kshv-miR-K12-6-5p,kshv_microRNA,ENSG00000242257_ENST00000476780_AC044839-2_pseudo,pseudogene,1
kshv-miR-K12-6-5p,kshv_microRNA,ENSG00000242584_ENST00000491742_AC018698-2_pseudo,pseudogene,1
kshv-miR-K12-6-5p,kshv_microRNA,ENSG00000242533_ENST00000482898_AC097526-7_pseudo,pseudogene,1
kshv-miR-K12-6-5p,kshv_microRNA,MIMAT0000261_MirBase_miR-183_microRNA,miRNA,1
kshv-miR-K12-6-5p,kshv_microRNA,MIMAT0004748_MirBase_miR-423-5p_microRNA,miRNA,1
kshv-miR-K12-6-5p,kshv_microRNA,MIMAT0000066_MirBase_let-7e_microRNA,miRNA,1
kshv-miR-K12-6-5p,kshv_microRNA,MIMAT0000087_MirBase_miR-30a_microRNA,miRNA,1
kshv-miR-K12-6-5p,kshv_microRNA,MIMAT0010133_MirBase_miR-2110_microRNA,miRNA,1
kshv-miR-K12-6-5p,kshv_microRNA,ENSG00000165813_ENST00000369287_C10orf118_mRNA,mRNA,1